1813.22	167.201
1812.6	185.346
1811.99	183.518
1811.37	207.766
1810.75	190.26
1810.13	192.791
1809.51	172.921
1808.89	201.628
1808.27	186.016
1807.65	185.555
1807.03	189.906
1806.41	181.413
1805.79	178.356
1805.18	206.947
1804.56	198.447
1803.94	197.315
1803.32	196.243
1802.7	193.983
1802.08	175.23
1801.46	194.912
1800.84	188.295
1800.22	201.83
1799.6	196.401
1798.98	184.856
1798.36	197.197
1797.74	186.277
1797.12	193.741
1796.5	195.08
1795.88	200.106
1795.26	188.555
1794.64	181.903
1794.02	200.437
1793.4	177.134
1792.78	200.543
1792.16	187.026
1791.53	185.816
1790.91	201.253
1790.29	184.733
1789.67	172.553
1789.05	184.436
1788.43	193.256
1787.81	207.01
1787.19	196.626
1786.57	163.304
1785.95	185.007
1785.33	204.236
1784.7	184.476
1784.08	201.861
1783.46	179.62
1782.84	188.975
1782.22	184.1
1781.6	191.66
1780.97	189.96
1780.35	176.483
1779.73	196.574
1779.11	202.349
1778.49	176.91
1777.86	189.994
1777.24	189.914
1776.62	192.896
1776	194.012
1775.38	187.723
1774.76	190.843
1774.13	198.41
1773.51	191.74
1772.89	198.8
1772.26	197.132
1771.64	199.167
1771.02	185.531
1770.4	192.454
1769.77	193.717
1769.15	194.966
1768.53	193.097
1767.91	193.121
1767.28	190.038
1766.66	193.837
1766.04	195.75
1765.41	171.37
1764.79	211.382
1764.17	201.968
1763.54	188.808
1762.92	189.421
1762.3	193.81
1761.67	183.835
1761.05	199.495
1760.43	173.86
1759.8	186.968
1759.18	186.288
1758.55	206.845
1757.93	190.542
1757.31	192.383
1756.68	176.128
1756.06	194.219
1755.43	186.049
1754.81	182.208
1754.19	180.831
1753.56	175.09
1752.94	193.054
1752.31	197.367
1751.69	190.538
1751.06	179.39
1750.44	184.446
1749.81	188.243
1749.19	178.297
1748.56	174.553
1747.94	183.874
1747.31	171.983
1746.69	181.885
1746.07	183.046
1745.44	181.707
1744.81	186.588
1744.19	193.964
1743.56	175.874
1742.94	180.803
1742.31	195.674
1741.69	178.85
1741.06	183.103
1740.44	143.889
1739.81	174.734
1739.19	190.658
1738.56	188.025
1737.93	200.899
1737.31	158.201
1736.68	192.793
1736.06	178.581
1735.43	179.186
1734.8	192.734
1734.18	184.624
1733.55	190.071
1732.93	203.522
1732.3	171.361
1731.67	179.312
1731.05	188.527
1730.42	187.294
1729.79	176.204
1729.17	184.805
1728.54	183.502
1727.91	201.844
1727.29	184.456
1726.66	172.003
1726.03	174.317
1725.41	184.02
1724.78	178.423
1724.15	182.668
1723.52	188.764
1722.9	180.148
1722.27	170.903
1721.64	178.78
1721.01	177.44
1720.39	190.748
1719.76	192.414
1719.13	166.005
1718.5	187.838
1717.88	184.693
1717.25	177.945
1716.62	187.702
1715.99	186.526
1715.37	185.357
1714.74	171.358
1714.11	190.244
1713.48	192.615
1712.85	180.331
1712.22	175.363
1711.6	185.635
1710.97	182.541
1710.34	186.766
1709.71	156.922
1709.08	169.024
1708.45	183.516
1707.82	179.75
1707.2	183.879
1706.57	182.568
1705.94	158.859
1705.31	185.509
1704.68	194.593
1704.05	181.25
1703.42	177.597
1702.79	174.538
1702.16	170.863
1701.53	181.118
1700.9	163.51
1700.27	176.787
1699.65	170.686
1699.02	181.526
1698.39	179.046
1697.76	174.148
1697.13	183.16
1696.5	164.375
1695.87	173.399
1695.24	176.383
1694.61	181.176
1693.98	189.589
1693.35	186.528
1692.72	175.026
1692.09	172.595
1691.46	172.6
1690.83	184.701
1690.2	169.053
1689.57	182.389
1688.93	184.851
1688.3	180.049
1687.67	183.09
1687.04	189.758
1686.41	193.417
1685.78	170.495
1685.15	184.465
1684.52	183.93
1683.89	184.599
1683.26	196.152
1682.63	196.186
1682	179.248
1681.36	176.833
1680.73	175.624
1680.1	184.105
1679.47	186.531
1678.84	190.171
1678.21	178.672
1677.58	167.175
1676.94	163.556
1676.31	190.237
1675.68	186.637
1675.05	178.194
1674.42	175.81
1673.78	190.401
1673.15	194.077
1672.52	186.229
1671.89	199.619
1671.26	163.865
1670.62	177.879
1669.99	185.83
1669.36	186.493
1668.73	192.016
1668.09	188.428
1667.46	186.063
1666.83	184.318
1666.2	191.104
1665.56	183.897
1664.93	183.38
1664.3	188.944
1663.66	165.84
1663.03	178.081
1662.4	168.359
1661.76	196.455
1661.13	186.726
1660.5	189.806
1659.86	183.115
1659.23	178.86
1658.6	186.82
1657.96	186.861
1657.33	147.833
1656.7	198.026
1656.06	184.073
1655.43	200.073
1654.8	184.834
1654.16	167.71
1653.53	179.933
1652.89	176.228
1652.26	197.004
1651.63	190.272
1650.99	177.451
1650.36	187.301
1649.72	176.976
1649.09	174.015
1648.45	190.079
1647.82	196.366
1647.19	173.189
1646.55	170.862
1645.92	154.356
1645.28	173.469
1644.65	194.373
1644.01	202.912
1643.38	181.91
1642.74	170.764
1642.11	194.064
1641.47	224.209
1640.84	200.344
1640.2	205.353
1639.57	169.732
1638.93	187.547
1638.29	189.311
1637.66	192.877
1637.02	201.341
1636.39	201.23
1635.75	190.741
1635.12	191.96
1634.48	177.89
1633.84	169.36
1633.21	186.611
1632.57	181.752
1631.94	162.123
1631.3	201.411
1630.66	168.216
1630.03	186.583
1629.39	188.996
1628.76	181.614
1628.12	171.801
1627.48	196.363
1626.85	179.194
1626.21	182.872
1625.57	188.982
1624.94	184.645
1624.3	199.317
1623.66	179.033
1623.03	178.986
1622.39	176.479
1621.75	188.661
1621.12	195.922
1620.48	189.097
1619.84	190.239
1619.2	184.667
1618.57	186.44
1617.93	179.649
1617.29	183.842
1616.65	174.588
1616.02	205.618
1615.38	198.836
1614.74	193.321
1614.1	192.725
1613.47	170.797
1612.83	175.088
1612.19	187.898
1611.55	180.557
1610.91	165.285
1610.27	186.014
1609.64	187.25
1609	199.482
1608.36	189.135
1607.72	187.906
1607.08	180.534
1606.45	188.368
1605.81	187.034
1605.17	188.141
1604.53	181.356
1603.89	192.244
1603.25	198.274
1602.61	190.313
1601.97	187.808
1601.33	201.686
1600.7	183.964
1600.06	177.185
1599.42	179.523
1598.78	180.66
1598.14	176.953
1597.5	195.655
1596.86	181.636
1596.22	191.232
1595.58	194.791
1594.94	153.627
1594.3	180.247
1593.66	197.22
1593.02	175.477
1592.38	185.179
1591.74	174.883
1591.1	188.157
1590.46	210.472
1589.82	195.874
1589.18	198.19
1588.54	200.485
1587.9	211.215
1587.26	220.728
1586.62	233.274
1585.98	259.12
1585.34	296.472
1584.7	888.957
1584.06	3583.2
1583.42	6278.42
1582.78	6203.44
1582.14	4185.54
1581.5	2084.55
1580.85	882.331
1580.21	345.863
1579.57	263.857
1578.93	235.486
1578.29	252.88
1577.65	196.218
1577.01	212.997
1576.36	218.944
1575.72	190.024
1575.08	198.402
1574.44	189.351
1573.8	188.716
1573.16	191.085
1572.51	168.226
1571.87	196.453
1571.23	183.251
1570.59	186.898
1569.95	178.54
1569.31	194.834
1568.66	196.686
1568.02	187.08
1567.38	232.178
1566.74	300.682
1566.09	327.647
1565.45	290.896
1564.81	230.758
1564.17	221.152
1563.52	209.184
1562.88	178.599
1562.24	166.043
1561.59	202.81
1560.95	167.325
1560.31	163.693
1559.67	162.435
1559.02	182.204
1558.38	183.92
1557.74	182.04
1557.09	184.978
1556.45	166.911
1555.81	184.277
1555.16	180.648
1554.52	177.648
1553.88	173.488
1553.23	159.757
1552.59	174.282
1551.94	178.008
1551.3	173.295
1550.66	180.585
1550.01	156.533
1549.37	170.98
1548.72	167.342
1548.08	170.906
1547.44	180.465
1546.79	156.329
1546.15	176.681
1545.5	170.583
1544.86	183.109
1544.21	175.23
1543.57	164.363
1542.93	175.094
1542.28	169.038
1541.64	171.385
1540.99	166.558
1540.35	162.948
1539.7	152.159
1539.06	173.716
1538.41	173.094
1537.77	178.443
1537.12	178.387
1536.48	154.39
1535.83	164.509
1535.18	160.873
1534.54	167.406
1533.89	164.969
1533.25	172.087
1532.6	173.818
1531.96	174.946
1531.31	168.317
1530.66	174.229
1530.02	172.988
1529.37	174.133
1528.73	165.729
1528.08	178.764
1527.43	148.885
1526.79	186.883
1526.14	162.983
1525.49	177.183
1524.85	180.7
1524.2	169.968
1523.56	175.87
1522.91	160.954
1522.26	157.892
1521.62	170.828
1520.97	150.55
1520.32	167.046
1519.67	155.143
1519.03	174.077
1518.38	172.326
1517.73	156.378
1517.09	165.89
1516.44	164.117
1515.79	174.145
1515.15	154.516
1514.5	147.897
1513.85	153.097
1513.2	164.789
1512.55	158.176
1511.91	159.249
1511.26	162.094
1510.61	170.827
1509.96	153.648
1509.32	184.737
1508.67	170.517
1508.02	161.602
1507.37	173.833
1506.72	184.866
1506.07	179.46
1505.43	167.627
1504.78	154.66
1504.13	160.473
1503.48	165.141
1502.83	178.021
1502.18	175.089
1501.53	175.654
1500.89	142.831
1500.24	173.789
1499.59	171.948
1498.94	171.844
1498.29	168.808
1497.64	173.946
1496.99	159.258
1496.34	159.774
1495.69	172.567
1495.04	157.403
1494.39	158.566
1493.75	167.282
1493.1	152.062
1492.45	164.768
1491.8	174.528
1491.15	155.22
1490.5	165.022
1489.85	166.723
1489.2	163.799
1488.55	155.067
1487.9	166.067
1487.25	152.667
1486.6	165.97
1485.95	176.38
1485.3	131.115
1484.65	173.461
1484	162.423
1483.35	157.742
1482.69	165.79
1482.04	151.802
1481.39	177.221
1480.74	151.706
1480.09	171.399
1479.44	164.486
1478.79	161.63
1478.14	150.64
1477.49	153.517
1476.84	164.454
1476.19	161.451
1475.54	176.935
1474.88	147.91
1474.23	166.294
1473.58	164.498
1472.93	173.134
1472.28	175.455
1471.63	162.784
1470.97	175.506
1470.32	163.962
1469.67	156.44
1469.02	167.38
1468.37	167.356
1467.72	161.578
1467.06	160.431
1466.41	161.597
1465.76	157.558
1465.11	161.578
1464.45	165.576
1463.8	166.103
1463.15	160.298
1462.5	168.939
1461.84	160.322
1461.19	154.623
1460.54	164.535
1459.89	157.142
1459.23	171.706
1458.58	161.98
1457.93	177.695
1457.27	181.252
1456.62	156.414
1455.97	165.739
1455.32	162.299
1454.66	171.003
1454.01	174.452
1453.35	172.07
1452.7	177.196
1452.05	155.114
1451.39	157.372
1450.74	163.136
1450.09	177.62
1449.43	181.447
1448.78	185.309
1448.13	156.455
1447.47	176.271
1446.82	176.369
1446.16	154.385
1445.51	172.995
1444.85	168.365
1444.2	176.502
1443.55	154.463
1442.89	167.296
1442.24	166.807
1441.58	161.103
1440.93	152.478
1440.27	174.674
1439.62	157.238
1438.96	174.696
1438.31	163.007
1437.65	177.509
1437	186.21
1436.34	165.273
1435.69	177.538
1435.03	181.675
1434.38	165.433
1433.72	174.814
1433.07	182.443
1432.41	167.904
1431.76	179.578
1431.1	177.236
1430.45	174.875
1429.79	180.085
1429.13	169.57
1428.48	168.988
1427.82	170.187
1427.17	197.068
1426.51	183.151
1425.85	191.972
1425.2	168.096
1424.54	178.635
1423.89	200.265
1423.23	171.685
1422.57	181.069
1421.92	164.176
1421.26	178.837
1420.6	191.172
1419.95	181.299
1419.29	174.938
1418.63	158.047
1417.98	186.251
1417.32	175.82
1416.66	181.216
1416.01	198.354
1415.35	190.836
1414.69	175.061
1414.03	190.387
1413.38	156.319
1412.72	186.86
1412.06	201.508
1411.4	202.043
1410.75	245.448
1410.09	308.814
1409.43	342.837
1408.77	287.06
1408.12	227.77
1407.46	225.422
1406.8	191.376
1406.14	211.349
1405.48	193.178
1404.83	190.292
1404.17	203.868
1403.51	189.242
1402.85	194.574
1402.19	182.243
1401.53	185.759
1400.87	200.435
1400.22	182.797
1399.56	185.173
1398.9	193.463
1398.24	180.011
1397.58	197.148
1396.92	207.799
1396.26	202.521
1395.6	194.267
1394.95	200.12
1394.29	193.018
1393.63	210.052
1392.97	197.684
1392.31	207.105
1391.65	218.892
1390.99	265.399
1390.33	308.958
1389.67	573.768
1389.01	1467.6
1388.35	2876.22
1387.69	2226.56
1387.03	1005.01
1386.37	495.43
1385.71	306.53
1385.05	273.542
1384.39	247.61
1383.73	205.221
1383.07	211.651
1382.41	223.973
1381.75	195.166
1381.09	196.362
1380.43	195.223
1379.77	185.271
1379.11	193.546
1378.45	177.688
1377.79	195.353
1377.12	201.834
1376.46	203.614
1375.8	190.69
1375.14	199.544
1374.48	218.984
1373.82	281.374
1373.16	794.61
1372.5	1627.49
1371.83	1792.19
1371.17	1480.44
1370.51	935.128
1369.85	532.3
1369.19	302.34
1368.53	227.981
1367.87	214.927
1367.2	188.828
1366.54	176.303
1365.88	175.6
1365.22	187.899
1364.56	183.757
1363.89	186.141
1363.23	173.827
1362.57	162.692
1361.91	179.848
1361.24	138.016
1360.58	176.38
1359.92	172.266
1359.26	171.103
1358.59	175.261
1357.93	182.975
1357.27	172.401
1356.6	168.32
1355.94	177.227
1355.28	184.948
1354.62	163.707
1353.95	172.607
1353.29	180.925
1352.63	157.321
1351.96	155.006
1351.3	174.588
1350.64	172.271
1349.97	162.241
1349.31	185.355
1348.65	175.293
1347.98	165.817
1347.32	168.78
1346.65	161.093
1345.99	172.964
1345.33	165.89
1344.66	167.112
1344	160.031
1343.33	155.31
1342.67	144.653
1342.01	155.34
1341.34	156.552
1340.68	161.936
1340.01	160.227
1339.35	182.287
1338.68	171.705
1338.02	163.48
1337.35	166.521
1336.69	165.364
1336.02	188.564
1335.36	176.057
1334.69	161.179
1334.03	161.784
1333.36	167.17
1332.7	159.472
1332.03	178.533
1331.37	174.951
1330.7	172.549
1330.04	176.709
1329.37	170.199
1328.7	165.513
1328.04	159.062
1327.37	176.453
1326.71	161.04
1326.04	167.062
1325.38	167.085
1324.71	177.824
1324.04	179.597
1323.38	173.015
1322.71	171.808
1322.05	172.995
1321.38	175.984
1320.71	178.395
1320.05	171.882
1319.38	158.828
1318.71	176.257
1318.05	172.197
1317.38	183.072
1316.71	169.97
1316.05	163.985
1315.38	189.062
1314.71	150.703
1314.04	178.151
1313.38	179.339
1312.71	173.417
1312.04	177.112
1311.38	174.837
1310.71	173.733
1310.04	172.579
1309.37	186.95
1308.71	173.711
1308.04	165.247
1307.37	189.701
1306.7	177.067
1306.04	171.06
1305.37	178.271
1304.7	184.353
1304.03	176.118
1303.36	178.677
1302.69	176.415
1302.03	166.887
1301.36	190.9
1300.69	178.232
1300.02	170.344
1299.35	171.468
1298.68	179.825
1298.02	186.432
1297.35	190.682
1296.68	179.352
1296.01	163.203
1295.34	178.833
1294.67	183.644
1294	189.051
1293.33	185.47
1292.66	199.925
1291.99	180.181
1291.33	176.656
1290.66	189.955
1289.99	191.222
1289.32	202.102
1288.65	212.986
1287.98	235.925
1287.31	287.195
1286.64	426.447
1285.97	957.992
1285.3	1721.59
1284.63	1501.52
1283.96	843.345
1283.29	444.428
1282.62	305.845
1281.95	246.815
1281.28	245.626
1280.61	224.602
1279.94	207.196
1279.27	168.686
1278.6	193.403
1277.92	192.186
1277.25	196.98
1276.58	178.299
1275.91	187.368
1275.24	175.993
1274.57	200.807
1273.9	185.801
1273.23	188.22
1272.56	205.036
1271.89	189.24
1271.21	191.539
1270.54	169.809
1269.87	187.905
1269.2	179.566
1268.53	185.712
1267.86	191.844
1267.19	181.035
1266.51	205.174
1265.84	248.581
1265.17	270.241
1264.5	259.331
1263.83	225.525
1263.15	205.606
1262.48	214.642
1261.81	194.147
1261.14	193.561
1260.46	180.926
1259.79	172.519
1259.12	179.198
1258.45	204.59
1257.78	179.885
1257.1	191.985
1256.43	182.333
1255.76	185.341
1255.08	175.056
1254.41	191.93
1253.74	191.911
1253.07	192.513
1252.39	189.515
1251.72	185.931
1251.05	174.511
1250.37	184.834
1249.7	196.366
1249.03	180.09
1248.35	177.691
1247.68	180.115
1247	183.144
1246.33	175.302
1245.66	180.774
1244.98	176.578
1244.31	182.65
1243.64	169.338
1242.96	180.78
1242.29	190.365
1241.61	167.912
1240.94	185.338
1240.26	202.185
1239.59	185.287
1238.91	203.445
1238.24	182.992
1237.57	183.664
1236.89	208.475
1236.22	219.947
1235.54	212.038
1234.87	204.117
1234.19	213.123
1233.52	191.984
1232.84	225.839
1232.17	245.256
1231.49	245.361
1230.82	233.355
1230.14	212.837
1229.46	224.933
1228.79	239.426
1228.11	209.787
1227.44	221.88
1226.76	227.337
1226.09	197.113
1225.41	217.645
1224.73	209.713
1224.06	199.949
1223.38	187.784
1222.71	186.522
1222.03	192.536
1221.35	177.449
1220.68	172.629
1220	188.932
1219.33	173.241
1218.65	179.891
1217.97	160.594
1217.3	183.569
1216.62	179.368
1215.94	173.329
1215.27	176.319
1214.59	179.892
1213.91	162.343
1213.23	188.27
1212.56	171.38
1211.88	162.951
1211.2	162.968
1210.53	165.385
1209.85	163.568
1209.17	167.186
1208.49	155.729
1207.82	159.978
1207.14	155.769
1206.46	172.661
1205.78	163.549
1205.11	156.824
1204.43	151.307
1203.75	160.288
1203.07	150.648
1202.39	151.918
1201.71	153.235
1201.04	148.522
1200.36	156.454
1199.68	166.74
1199	155.81
1198.32	148.463
1197.64	169.458
1196.97	171.167
1196.29	150.639
1195.61	174.764
1194.93	163.98
1194.25	168.876
1193.57	158.063
1192.89	172.542
1192.21	174.906
1191.53	163.982
1190.85	147.053
1190.18	162.716
1189.5	162.172
1188.82	139.969
1188.14	144.33
1187.46	167.438
1186.78	157.285
1186.1	174.311
1185.42	168.294
1184.74	157.394
1184.06	151.922
1183.38	155.522
1182.7	148.839
1182.02	175.445
1181.34	173.027
1180.66	162.154
1179.98	183.96
1179.3	147.668
1178.62	165.828
1177.94	164
1177.26	153.688
1176.58	161.522
1175.89	169.35
1175.21	172.342
1174.53	180.179
1173.85	174.122
1173.17	154.78
1172.49	188.66
1171.81	176.603
1171.13	164.551
1170.45	177.311
1169.77	196.132
1169.08	195.578
1168.4	210.752
1167.72	208.346
1167.04	241.66
1166.36	226.519
1165.68	221.079
1164.99	248.973
1164.31	271.434
1163.63	278.75
1162.95	311.499
1162.27	341.185
1161.58	374.467
1160.9	328.361
1160.22	376.777
1159.54	390.089
1158.85	366.495
1158.17	355.048
1157.49	342.396
1156.81	318.21
1156.12	299.443
1155.44	278.821
1154.76	249.083
1154.08	228.427
1153.39	209.595
1152.71	211.978
1152.03	208.93
1151.34	206.514
1150.66	189.588
1149.98	169.641
1149.29	196.952
1148.61	178.188
1147.93	176.966
1147.24	165.413
1146.56	186.558
1145.88	173.177
1145.19	171.926
1144.51	170.085
1143.82	180.961
1143.14	150.077
1142.46	186.356
1141.77	162.124
1141.09	173.586
1140.4	162.065
1139.72	151.146
1139.03	147.467
1138.35	161.893
1137.67	170.251
1136.98	162.918
1136.3	158.639
1135.61	174.921
1134.93	159.886
1134.24	166.598
1133.56	148.551
1132.87	156.429
1132.19	163.051
1131.5	149.708
1130.82	161.704
1130.13	172.497
1129.45	156.784
1128.76	178.493
1128.07	150.773
1127.39	150.792
1126.7	156.221
1126.02	145.942
1125.33	166.993
1124.65	162.712
1123.96	155.443
1123.27	150.632
1122.59	163.957
1121.9	160.455
1121.22	152.13
1120.53	160.674
1119.84	167.948
1119.16	163.057
1118.47	173.193
1117.78	167.612
1117.1	157.245
1116.41	155.979
1115.72	175.845
1115.04	170.458
1114.35	163.277
1113.67	157.892
1112.98	169.957
1112.29	148.244
1111.6	158.449
1110.92	171.057
1110.23	174.643
1109.54	172.838
1108.85	162.626
1108.17	168.685
1107.48	162.688
1106.79	180.773
1106.1	163.889
1105.42	157.843
1104.73	171.08
1104.04	179.519
1103.35	180.762
1102.67	176.61
1101.98	176.087
1101.29	178.573
1100.6	181.644
1099.91	182.28
1099.22	232.412
1098.54	193.828
1097.85	193.317
1097.16	189.825
1096.47	179.088
1095.78	201.623
1095.09	209.601
1094.4	186.62
1093.72	197.517
1093.03	208.382
1092.34	207.727
1091.65	215.553
1090.96	220.355
1090.27	234.846
1089.58	252.371
1088.89	283.841
1088.2	292.963
1087.51	331.795
1086.82	341.592
1086.13	396.203
1085.44	449.583
1084.75	535.075
1084.06	620.035
1083.37	709.408
1082.68	765.016
1081.99	779.426
1081.3	753.632
1080.61	671.719
1079.92	575.058
1079.23	494.788
1078.54	461.377
1077.85	406.265
1077.16	362.192
1076.47	365.58
1075.78	331.226
1075.09	293.086
1074.4	285.281
1073.71	270.06
1073.02	271.849
1072.32	271.186
1071.63	267.504
1070.94	261.434
1070.25	251.749
1069.56	253.667
1068.87	271.448
1068.18	258.719
1067.48	277.096
1066.79	289.976
1066.1	292.472
1065.41	274.19
1064.72	268.709
1064.03	251.609
1063.33	241.84
1062.64	243.086
1061.95	237.039
1061.26	215.131
1060.57	218.285
1059.87	223.266
1059.18	189.673
1058.49	192.141
1057.8	190.299
1057.1	179.259
1056.41	192.064
1055.72	183.45
1055.03	177.282
1054.33	174.79
1053.64	176.588
1052.95	174.733
1052.25	174.718
1051.56	173.479
1050.87	166.734
1050.17	158.154
1049.48	147.747
1048.79	162.382
1048.09	183.134
1047.4	175.816
1046.71	145.907
1046.01	174.592
1045.32	161.136
1044.63	164.753
1043.93	158.596
1043.24	172.562
1042.55	169.458
1041.85	149.917
1041.16	152.334
1040.46	162.682
1039.77	153.526
1039.07	168.103
1038.38	160.101
1037.69	141.119
1036.99	156.79
1036.3	157.264
1035.6	146.859
1034.91	154.122
1034.21	145.676
1033.52	159.129
1032.82	146.471
1032.13	162.337
1031.43	161.111
1030.74	149.479
1030.04	149.957
1029.35	154.668
1028.65	154.543
1027.96	152.637
1027.26	148.34
1026.56	154.952
1025.87	147.635
1025.17	169.339
1024.48	170.461
1023.78	159.5
1023.08	155.804
1022.39	146.083
1021.69	143.61
1021	160.433
1020.3	151.915
1019.6	155.457
1018.91	146.964
1018.21	165.595
1017.51	161.359
1016.82	154.72
1016.12	155.291
1015.42	138.383
1014.73	154.534
1014.03	162.836
1013.33	159.132
1012.64	160.878
1011.94	156.078
1011.24	163.331
1010.55	158.585
1009.85	165.217
1009.15	153.763
1008.45	162.061
1007.76	149.322
1007.06	158.203
1006.36	161.754
1005.66	158.775
1004.97	154.622
1004.27	161.846
1003.57	156.448
1002.87	147.418
1002.17	160.539
1001.47	159.285
1000.78	142.49
1000.08	159.25
999.381	159.858
998.683	175.436
997.983	143.709
997.285	154.502
996.586	168.314
995.888	167.781
995.189	149.276
994.491	183.525
993.791	152.378
993.092	161.989
992.393	162.585
991.694	151.784
990.995	167.4
990.297	172.24
989.596	163.883
988.897	173.523
988.198	161.526
987.499	171.725
986.799	157.301
986.099	151.903
985.399	163.358
984.7	177.276
984	169.005
983.299	157.727
982.599	169.311
981.9	165.8
981.2	167.669
980.5	166.492
979.799	159.277
979.099	168.98
978.398	169.07
977.698	155.901
976.997	157.844
976.296	168.253
975.596	178.651
974.896	178.13
974.194	159.413
973.493	173.433
972.793	138.339
972.091	171.821
971.39	178.62
970.689	170.219
969.988	170.915
969.286	175.245
968.585	178.349
967.884	163.188
967.181	183.966
966.48	156.027
965.779	153.693
965.077	173.959
964.375	180.827
963.673	176.076
962.971	187.19
962.268	179.913
961.567	171.376
960.865	177.518
960.162	183.677
959.46	185.578
958.758	169.122
958.055	185.768
957.353	193.848
956.65	188.437
955.947	188.556
955.245	197.287
954.542	189.424
953.838	163.688
953.136	187.153
952.433	162.58
951.729	189.126
951.027	196.618
950.324	174.557
949.62	169.161
948.917	194.653
948.213	164.501
947.51	173.248
946.807	188.154
946.102	199.954
945.399	172.143
944.695	192.657
943.991	187.804
943.287	169.307
942.583	190.484
941.879	181.236
941.175	188.725
940.47	190.012
939.767	186.361
939.061	185.231
938.358	182.882
937.652	196.71
936.948	194.326
936.244	191.894
935.539	183.198
934.834	191.951
934.129	188.901
933.424	183.405
932.719	202.294
932.014	194.989
931.31	168.889
930.604	182.772
929.899	206.638
929.193	226.711
928.488	206.051
927.782	209.196
927.077	188.574
926.37	204.965
925.665	205.74
924.959	205.902
924.254	216.088
923.547	193.549
922.842	211.167
922.135	202.993
921.429	212.434
920.724	222.559
920.017	216.395
919.311	217.173
918.604	210.377
917.898	233.14
917.191	349.761
916.485	862.783
915.778	1240.45
915.07	1227.03
914.364	885.841
913.656	559.489
912.95	345.749
912.242	239.155
911.536	241.263
910.828	228.131
910.122	219.384
909.414	232.164
908.707	197.341
907.999	205.653
907.292	220.961
906.584	201.987
905.877	229.38
905.168	218.635
904.46	211.672
903.753	219.947
903.044	211.699
902.337	206.662
901.628	203.58
900.921	215.825
900.212	229.4
899.503	207.289
898.795	232.351
898.086	219.712
897.378	211.473
896.669	209.572
895.961	232.565
895.252	212.767
894.543	237.095
893.834	218.638
893.125	216.804
892.415	198.312
891.707	207.282
890.997	222.608
890.289	221.291
889.579	225.765
888.869	236.068
888.16	236.218
887.45	210.151
886.742	223.799
886.031	228.443
885.321	226.608
884.612	216.37
883.902	195.19
883.191	218.961
882.482	204.23
881.771	202.365
881.061	199.862
880.351	188.34
879.64	208.916
878.93	196.659
878.22	224.193
877.509	221.496
876.798	210.466
876.088	207.179
875.377	207.801
874.666	199.506
873.956	192.53
873.244	208.027
872.533	216.431
871.822	190.087
871.111	208.62
870.399	216.818
869.687	220.512
868.977	206.305
868.265	210.114
867.553	217.196
866.842	210.229
866.13	206.469
865.418	210.372
864.706	223.201
863.995	211.602
863.282	234.584
862.57	223.581
861.859	212.607
861.146	225.361
860.434	224.062
859.721	215.099
859.009	213.176
858.297	229.799
857.584	218.875
856.871	234.167
856.159	240.477
855.446	232.7
854.733	227.471
854.019	231.181
853.307	233.62
852.594	214.393
851.881	235.412
851.167	232.239
850.453	236.767
849.741	225.994
849.027	226.066
848.314	228.667
847.6	230.596
846.886	243.991
846.173	258.003
845.459	231.149
844.745	243.908
844.031	228.606
843.316	268.896
842.604	232.554
841.889	232.614
841.175	243.522
840.46	233.965
839.745	239.117
839.032	237.904
838.317	263.601
837.602	247.108
836.888	237.014
836.173	232.668
835.458	242.409
834.744	248.293
834.029	257.386
833.313	262.633
832.598	276.229
831.883	279.533
831.167	331.656
830.452	727.687
829.738	1639.45
829.022	1893.19
828.306	1622.42
827.59	998.924
826.875	582.187
826.159	396.939
825.443	299.79
824.727	285.731
824.01	278.75
823.296	289.847
822.579	284.834
821.863	311.519
821.147	296.235
820.43	305.543
819.714	287.65
818.997	317.679
818.28	323.703
817.564	356.31
816.847	379.845
816.131	427.459
815.414	412.113
814.697	468.327
813.98	523.969
813.263	558.164
812.546	651.031
811.829	749.257
811.111	850.363
810.394	966.894
809.676	1066.9
808.959	1141.05
808.241	1118.18
807.523	1081.82
806.806	990.551
806.088	892.401
805.37	794.129
804.652	674.803
803.934	626.527
803.216	567.726
802.499	519.409
801.781	486.186
801.062	443.659
800.344	458.554
799.625	427.203
798.907	444.136
798.188	434.604
797.47	445.586
796.751	431.308
796.032	475.352
795.313	444.289
794.594	422.435
793.875	405.19
793.156	393.262
792.437	369.406
791.718	349.564
790.999	343.027
790.279	283.284
789.56	299.321
788.839	280.761
788.119	264.868
787.4	274.302
786.68	246.498
785.96	250.707
785.24	266.3
784.521	237.825
783.801	239.349
783.081	233.465
782.36	238.241
781.64	250.347
780.92	227.61
780.2	234.294
779.479	230.904
778.759	210.096
778.038	232.77
777.318	224.674
776.597	223.278
775.875	216.543
775.154	212.484
774.433	219.113
773.712	215.051
772.991	230.365
772.27	216.317
771.549	212.974
770.828	212.315
770.106	217.668
769.385	208.328
768.664	212.341
767.941	196.994
767.219	229.066
766.498	216.386
765.776	210.351
765.054	206.93
764.332	212.117
763.61	203.915
762.888	201.045
762.165	219.497
761.443	222.699
760.721	200.708
759.998	213.971
759.276	208.615
758.554	185.95
757.831	185.829
757.107	172.42
756.385	204.107
755.662	182.156
754.939	203.998
754.216	200.076
753.494	209.444
752.769	209.529
752.046	214.867
751.323	214.823
750.6	189.525
749.877	223.82
749.153	204.466
748.429	210.295
747.705	200.95
746.982	206.168
746.258	190.236
745.534	188.816
744.809	198.583
744.086	209.64
743.362	231.231
742.638	209.369
