1813.46	183.569
1812.84	187.78
1812.22	185.338
1811.6	184.739
1810.98	181.752
1810.37	171.533
1809.75	200.768
1809.13	188.198
1808.51	182.909
1807.89	187.325
1807.27	195.96
1806.65	166.796
1806.03	168.015
1805.41	181.389
1804.79	197.218
1804.17	188.144
1803.55	180.952
1802.93	197.572
1802.31	169.677
1801.69	200.357
1801.08	194.37
1800.46	188.957
1799.84	185.361
1799.22	182.377
1798.6	186.138
1797.98	204.003
1797.36	177.761
1796.74	183.383
1796.11	184.105
1795.49	160.88
1794.87	197.838
1794.25	177.041
1793.63	172.192
1793.01	191.304
1792.39	185.79
1791.77	175.963
1791.15	174.768
1790.53	193.311
1789.91	186.051
1789.29	184.984
1788.67	191.335
1788.05	177.913
1787.43	176.801
1786.81	185.546
1786.18	183.751
1785.56	196.174
1784.94	185.697
1784.32	177.694
1783.7	180.839
1783.08	203.198
1782.46	179.109
1781.83	173.628
1781.21	191.137
1780.59	190.078
1779.97	175.354
1779.35	186.724
1778.72	183.732
1778.1	181.901
1777.48	183.099
1776.86	190.459
1776.24	187.841
1775.61	194.584
1774.99	183.373
1774.37	188.413
1773.75	166.778
1773.13	189.373
1772.5	174.606
1771.88	181.631
1771.26	190.493
1770.63	173.694
1770.01	184.966
1769.39	184.344
1768.77	187.47
1768.14	178.736
1767.52	193.771
1766.9	193.818
1766.27	196.362
1765.65	180.749
1765.03	192.628
1764.41	185.098
1763.78	173.813
1763.16	188.799
1762.53	179.425
1761.91	177.57
1761.29	178.223
1760.66	186.368
1760.04	202.614
1759.42	175.682
1758.79	183.124
1758.17	174.318
1757.55	183.649
1756.92	184.252
1756.3	186.109
1755.67	177.954
1755.05	176.63
1754.42	175.893
1753.8	194.461
1753.18	178.142
1752.55	183.682
1751.93	180.564
1751.3	170.645
1750.68	172.58
1750.05	188.845
1749.43	170.185
1748.8	162.088
1748.18	174.537
1747.55	185.09
1746.93	171.321
1746.3	183.08
1745.68	175.52
1745.05	181.649
1744.43	174.721
1743.8	174.032
1743.18	189.517
1742.55	180.779
1741.93	183.84
1741.3	155.203
1740.68	191.081
1740.05	176.037
1739.42	179.583
1738.8	181.898
1738.17	185.485
1737.55	177.377
1736.92	181.675
1736.3	171.783
1735.67	177.955
1735.04	181.014
1734.42	167.362
1733.79	174.682
1733.16	181.979
1732.54	180.027
1731.91	186.114
1731.29	165.124
1730.66	171.275
1730.03	186.062
1729.41	186.047
1728.78	181.066
1728.15	195.123
1727.53	191.897
1726.9	176.364
1726.27	187.879
1725.64	175.475
1725.02	180.291
1724.39	169.812
1723.76	161.809
1723.14	163.616
1722.51	181.339
1721.88	200.247
1721.25	171.364
1720.63	184.691
1720	179.646
1719.37	173.996
1718.74	173.249
1718.12	163.391
1717.49	182.227
1716.86	171.855
1716.23	158.472
1715.61	170.706
1714.98	178.057
1714.35	169.519
1713.72	176.791
1713.09	158.43
1712.46	183.925
1711.84	181.404
1711.21	165.521
1710.58	176.436
1709.95	181.266
1709.32	188.507
1708.69	172.614
1708.06	176.151
1707.44	178.462
1706.81	185.638
1706.18	166.763
1705.55	167.331
1704.92	169.135
1704.29	177.615
1703.66	174.573
1703.03	164.246
1702.4	170.878
1701.77	173.26
1701.14	176.85
1700.52	181.043
1699.89	162.229
1699.26	165.813
1698.63	163.34
1698	175.38
1697.37	184.996
1696.74	174.063
1696.11	184.895
1695.48	174.585
1694.85	169.112
1694.22	175.113
1693.59	155.755
1692.96	172.02
1692.33	164.755
1691.7	152.683
1691.07	173.825
1690.44	173.261
1689.81	181.161
1689.18	167.317
1688.55	182.454
1687.91	171.602
1687.28	177.059
1686.65	165.602
1686.02	161.409
1685.39	177.788
1684.76	166.36
1684.13	174.287
1683.5	180.393
1682.87	159.845
1682.24	182.27
1681.6	167.747
1680.97	176.229
1680.34	175.02
1679.71	175.023
1679.08	176.845
1678.45	168.979
1677.82	178.073
1677.18	178.088
1676.55	184.168
1675.92	172.081
1675.29	173.33
1674.66	182.463
1674.02	184.929
1673.39	190.424
1672.76	177.116
1672.13	154.706
1671.5	171.737
1670.86	180.893
1670.23	177.306
1669.6	171.287
1668.97	171.337
1668.34	182.328
1667.7	176.917
1667.07	171.515
1666.44	174.03
1665.8	178.99
1665.17	171.772
1664.54	184.039
1663.91	180.45
1663.27	169.527
1662.64	173.835
1662.01	177.529
1661.37	186.714
1660.74	169.656
1660.11	175.172
1659.47	169.697
1658.84	187.42
1658.21	174.632
1657.57	175.908
1656.94	174.767
1656.31	172.417
1655.67	160.274
1655.04	151.768
1654.4	183.621
1653.77	170.148
1653.14	165.225
1652.5	173.764
1651.87	152.951
1651.23	167.65
1650.6	175.649
1649.96	191.026
1649.33	189.29
1648.7	181.446
1648.06	174.835
1647.43	184.801
1646.79	178.802
1646.16	174.614
1645.52	183.909
1644.89	168.544
1644.25	170.963
1643.62	175.185
1642.98	185.539
1642.35	183.023
1641.71	170.134
1641.08	191.703
1640.44	162.288
1639.81	180.175
1639.17	195.554
1638.54	159.838
1637.9	193.541
1637.27	212.445
1636.63	197.588
1635.99	197.507
1635.36	176.627
1634.72	191.367
1634.09	188.969
1633.45	179.219
1632.82	173.138
1632.18	178.084
1631.54	178.084
1630.91	167.004
1630.27	173.712
1629.63	168.146
1629	176.71
1628.36	184.069
1627.73	191.446
1627.09	177.963
1626.45	173.056
1625.82	185.926
1625.18	174.233
1624.54	182.163
1623.91	176.597
1623.27	191.264
1622.63	196.725
1622	185.627
1621.36	200.243
1620.72	170.769
1620.08	180.481
1619.45	167.568
1618.81	188.909
1618.17	172.953
1617.53	173.491
1616.9	184.394
1616.26	183.688
1615.62	175.681
1614.98	179.301
1614.35	167.103
1613.71	156.147
1613.07	190.331
1612.43	169.598
1611.8	169.586
1611.16	175.663
1610.52	189.675
1609.88	168.335
1609.24	192.758
1608.6	209.87
1607.97	165.338
1607.33	159.817
1606.69	187.797
1606.05	173.064
1605.41	183.92
1604.77	178.953
1604.13	170.364
1603.5	181.87
1602.86	175.131
1602.22	174.464
1601.58	171.346
1600.94	172.466
1600.3	173.581
1599.66	167.424
1599.02	186.752
1598.38	187.283
1597.74	165.396
1597.1	178.642
1596.46	173.714
1595.82	179.691
1595.19	178.436
1594.55	187.5
1593.91	168.168
1593.27	177.279
1592.63	177.911
1591.99	188.806
1591.35	169.416
1590.71	187.514
1590.07	166.883
1589.43	198.23
1588.79	188.453
1588.15	206.44
1587.51	194.24
1586.86	209.202
1586.22	232.628
1585.58	277.189
1584.94	468.854
1584.3	2779.67
1583.66	5087.86
1583.02	5733.01
1582.38	4644.54
1581.74	2521.18
1581.1	1164.49
1580.46	432.667
1579.82	278.339
1579.18	222.258
1578.53	220.993
1577.89	194.437
1577.25	191.362
1576.61	189.494
1575.97	174.406
1575.33	211.645
1574.69	197.178
1574.04	187.527
1573.4	164.657
1572.76	172.441
1572.12	178.433
1571.48	187.45
1570.83	185.078
1570.19	176.114
1569.55	183.386
1568.91	182.835
1568.27	177.45
1567.62	188.275
1566.98	248.386
1566.34	314.457
1565.7	275.297
1565.05	233.174
1564.41	206.725
1563.77	189.329
1563.13	171.957
1562.48	170.827
1561.84	179.918
1561.2	173.938
1560.55	158.888
1559.91	154.033
1559.27	175.019
1558.63	165.919
1557.98	150.222
1557.34	165.181
1556.69	179.539
1556.05	168.086
1555.41	177.657
1554.76	182.448
1554.12	170.47
1553.48	150.119
1552.83	158.017
1552.19	168.343
1551.55	171.453
1550.9	158.29
1550.26	152.912
1549.61	150.512
1548.97	182.402
1548.33	152.869
1547.68	174.475
1547.04	168.385
1546.39	169.503
1545.75	168.214
1545.1	169.932
1544.46	158.453
1543.82	154.788
1543.17	161.326
1542.53	154.673
1541.88	169.606
1541.24	165.971
1540.59	150.372
1539.95	166.539
1539.3	166.533
1538.66	154.537
1538.01	160.495
1537.37	150.869
1536.72	163.985
1536.08	178.289
1535.43	159.096
1534.78	151.877
1534.14	156.618
1533.49	164.938
1532.85	170.855
1532.2	164.819
1531.56	156.997
1530.91	164.702
1530.27	167.637
1529.62	153.278
1528.97	158.001
1528.33	182.373
1527.68	150.11
1527.03	154.78
1526.39	169.561
1525.74	160.558
1525.1	156.938
1524.45	164.631
1523.8	156.873
1523.16	154.447
1522.51	161.493
1521.86	149.516
1521.21	155.333
1520.57	170.042
1519.92	137.392
1519.28	148.025
1518.63	163.432
1517.98	144.517
1517.33	151.662
1516.69	159.974
1516.04	174.761
1515.39	161.658
1514.74	149.123
1514.1	144.275
1513.45	144.159
1512.8	173.568
1512.15	148.67
1511.51	158.596
1510.86	157.905
1510.21	134.253
1509.56	145.94
1508.91	150.559
1508.27	151.059
1507.62	169.764
1506.97	165.542
1506.32	173.054
1505.67	153.594
1505.03	149.41
1504.38	168.686
1503.73	160.46
1503.08	151.085
1502.43	156.939
1501.78	151.072
1501.13	149.872
1500.48	162.698
1499.84	139.225
1499.19	149.085
1498.54	162.426
1497.89	158.81
1497.24	144.703
1496.59	153.962
1495.94	166.161
1495.29	153.905
1494.64	146.91
1493.99	158.556
1493.34	145.684
1492.69	149.09
1492.05	155.958
1491.4	159.327
1490.75	154.585
1490.1	171.962
1489.45	165.548
1488.8	161.466
1488.15	165.503
1487.5	154.427
1486.85	175.272
1486.2	168.266
1485.55	155.483
1484.89	146.777
1484.24	153.152
1483.59	165.883
1482.94	155.964
1482.29	163.42
1481.64	158.708
1480.99	159.817
1480.34	151.124
1479.69	144.78
1479.04	139.026
1478.39	156.434
1477.74	157.589
1477.09	164.489
1476.43	167.865
1475.78	158.481
1475.13	159.509
1474.48	161.129
1473.83	144.31
1473.18	150.05
1472.53	148.898
1471.87	151.807
1471.22	170.883
1470.57	168.585
1469.92	145.481
1469.27	162.773
1468.62	156.974
1467.96	147.728
1467.31	148.885
1466.66	162.171
1466.01	146.596
1465.35	162.168
1464.7	159.825
1464.05	169.582
1463.4	162.614
1462.75	171.24
1462.09	153.381
1461.44	159.781
1460.79	144.29
1460.14	164.029
1459.48	179.754
1458.83	172.934
1458.18	163.195
1457.52	155.168
1456.87	166.239
1456.22	159.347
1455.56	153.017
1454.91	150.719
1454.26	175.052
1453.6	166.307
1452.95	172.598
1452.3	162.666
1451.64	160.858
1450.99	151.564
1450.34	156.196
1449.68	160.581
1449.03	165.002
1448.37	150.043
1447.72	162.317
1447.07	167.056
1446.41	175.84
1445.76	168.924
1445.1	160.235
1444.45	166.627
1443.8	150.383
1443.14	157.972
1442.49	160.373
1441.83	161.06
1441.18	166.991
1440.52	166.503
1439.87	146.754
1439.21	154.91
1438.56	151.382
1437.9	157.154
1437.25	164.099
1436.59	172.245
1435.94	165.294
1435.28	167.094
1434.63	156.09
1433.97	175.958
1433.32	156.198
1432.66	150.406
1432.01	159.754
1431.35	173.746
1430.7	164.978
1430.04	176.601
1429.38	170.157
1428.73	167.815
1428.07	167.837
1427.42	175.467
1426.76	159.794
1426.1	173.279
1425.45	179.17
1424.79	163.447
1424.14	156.466
1423.48	176.343
1422.82	173.459
1422.17	168.246
1421.51	181.152
1420.85	171.273
1420.2	161.391
1419.54	173.152
1418.88	170.89
1418.23	178.009
1417.57	164.643
1416.91	172.375
1416.26	171.905
1415.6	179.057
1414.94	159.766
1414.28	183.325
1413.63	181.003
1412.97	179.234
1412.31	192.715
1411.65	197.952
1411	217.867
1410.34	251.29
1409.68	329.34
1409.02	298.801
1408.37	228.357
1407.71	228.944
1407.05	186.678
1406.39	182.574
1405.73	188.466
1405.08	177.937
1404.42	172.706
1403.76	182.757
1403.1	168.113
1402.44	195.178
1401.78	181.064
1401.13	183.983
1400.47	176.328
1399.81	167.522
1399.15	182.263
1398.49	167.042
1397.83	171.231
1397.17	183.062
1396.51	207.231
1395.86	193.1
1395.2	171.292
1394.54	185.97
1393.88	200.646
1393.22	187.094
1392.56	210.629
1391.9	220.06
1391.24	230.674
1390.58	284.24
1389.92	398.996
1389.26	960.961
1388.6	2372.56
1387.94	2723.19
1387.28	1361.59
1386.62	612.532
1385.96	367.734
1385.3	267.089
1384.64	234.69
1383.98	203.472
1383.32	181.09
1382.66	217.512
1382	211.622
1381.34	190.471
1380.68	192.854
1380.02	194.075
1379.36	181.179
1378.7	190.625
1378.04	199.469
1377.38	201.242
1376.72	181.833
1376.05	208.924
1375.39	217.782
1374.73	181.308
1374.07	240.176
1373.41	452.059
1372.75	1208.36
1372.09	1682.41
1371.43	1451.16
1370.76	1070.36
1370.1	612.364
1369.44	319.999
1368.78	232.709
1368.12	213.785
1367.46	182.979
1366.79	198.177
1366.13	181.531
1365.47	181.438
1364.81	184.933
1364.15	176.111
1363.48	159.662
1362.82	164.437
1362.16	162.729
1361.5	163.955
1360.83	174.603
1360.17	171.082
1359.51	166.966
1358.85	166.987
1358.18	157.578
1357.52	167.068
1356.86	161.805
1356.19	145.903
1355.53	174.298
1354.87	157.786
1354.21	164.909
1353.54	170.857
1352.88	159.668
1352.22	171.55
1351.55	169.241
1350.89	168.11
1350.23	159.862
1349.56	160.478
1348.9	161.08
1348.23	172.924
1347.57	172.332
1346.91	158.718
1346.24	158.737
1345.58	181.279
1344.92	171.839
1344.25	158.242
1343.59	161.231
1342.92	171.918
1342.26	179.048
1341.59	153.575
1340.93	151.832
1340.27	159.01
1339.6	150.782
1338.94	176.416
1338.27	165.229
1337.61	147.47
1336.94	167.141
1336.28	158.825
1335.61	158.22
1334.95	173.076
1334.28	173.673
1333.62	141.576
1332.95	179.689
1332.29	173.772
1331.62	164.247
1330.96	158.275
1330.29	149.931
1329.62	164.228
1328.96	165.479
1328.29	164.383
1327.63	154.956
1326.96	158.03
1326.3	147.359
1325.63	149.18
1324.96	167.684
1324.3	168.864
1323.63	158.106
1322.97	168.829
1322.3	165.837
1321.63	175.978
1320.97	155.71
1320.3	165.293
1319.63	161.778
1318.97	165.458
1318.3	161.392
1317.63	172.27
1316.97	163.975
1316.3	158.012
1315.63	175.33
1314.97	159.102
1314.3	180.556
1313.63	172.752
1312.96	162.622
1312.3	172.28
1311.63	172.4
1310.96	166.519
1310.29	153.999
1309.63	166.592
1308.96	159.362
1308.29	156.896
1307.63	180.756
1306.96	156.744
1306.29	166.871
1305.62	172.86
1304.95	161.563
1304.29	174.858
1303.62	182.214
1302.95	160.178
1302.28	161.473
1301.61	175.309
1300.94	166.261
1300.28	157.179
1299.61	175.087
1298.94	146.259
1298.27	191.211
1297.6	184.66
1296.93	169.132
1296.26	177.589
1295.59	154.823
1294.93	174.041
1294.26	180.045
1293.59	178.855
1292.92	152.476
1292.25	183.754
1291.58	182.633
1290.91	151.461
1290.24	208.638
1289.57	182.836
1288.9	200.93
1288.23	209.414
1287.56	243.806
1286.89	351.106
1286.22	694.033
1285.55	1432.94
1284.88	1725.19
1284.21	1047.07
1283.54	516.753
1282.87	331.155
1282.2	267.285
1281.53	215.512
1280.86	201.097
1280.19	189.709
1279.52	196.386
1278.85	195.211
1278.18	192.196
1277.51	171.688
1276.84	164.442
1276.17	182.526
1275.5	186.806
1274.83	201.974
1274.15	172.514
1273.48	182.803
1272.81	187.587
1272.14	185.069
1271.47	188.563
1270.8	180.653
1270.13	186.071
1269.46	179.522
1268.78	178.432
1268.11	177.939
1267.44	179.819
1266.77	196.733
1266.1	235.327
1265.43	239.498
1264.75	256.936
1264.08	244.832
1263.41	215.259
1262.74	201.379
1262.07	166.408
1261.39	183.301
1260.72	183.325
1260.05	193.011
1259.38	196.073
1258.7	189.484
1258.03	173.835
1257.36	183.526
1256.69	179.919
1256.01	159.387
1255.34	169.632
1254.67	185.904
1253.99	188.295
1253.32	185.269
1252.65	193.125
1251.97	166.598
1251.3	177.509
1250.63	172.129
1249.95	178.827
1249.28	159.533
1248.61	172.852
1247.93	171.048
1247.26	169.239
1246.59	186.174
1245.91	168.669
1245.24	164.471
1244.57	176.596
1243.89	171.765
1243.22	164.478
1242.54	189.799
1241.87	183.051
1241.19	178.123
1240.52	163.57
1239.85	183.469
1239.17	194.968
1238.5	181.15
1237.82	186.66
1237.15	216.925
1236.47	215.728
1235.8	196.959
1235.12	210.183
1234.45	204.082
1233.77	216.13
1233.1	214.343
1232.42	234.948
1231.75	225.986
1231.07	219.425
1230.4	212.828
1229.72	226.75
1229.05	217.668
1228.37	211
1227.69	227.318
1227.02	224.307
1226.34	203.763
1225.67	196.501
1224.99	189.797
1224.32	192.734
1223.64	186.001
1222.97	176.88
1222.29	180.469
1221.61	179.861
1220.94	167.797
1220.26	167.804
1219.58	180.483
1218.91	168.416
1218.23	167.829
1217.55	163.631
1216.88	158.224
1216.2	165.482
1215.52	163.048
1214.85	150.328
1214.17	168.996
1213.49	168.964
1212.82	158.099
1212.14	153.891
1211.46	154.513
1210.78	155.728
1210.11	153.309
1209.43	155.717
1208.75	142.444
1208.07	159.969
1207.4	144.899
1206.72	144.901
1206.04	159.353
1205.36	165.306
1204.69	154.954
1204.01	137.401
1203.33	148.827
1202.65	157.911
1201.97	153.189
1201.3	138.826
1200.62	165.494
1199.94	151.645
1199.26	149.803
1198.58	164.202
1197.9	158.042
1197.22	139.246
1196.55	151.244
1195.87	153.052
1195.19	165.157
1194.51	153.172
1193.83	143.577
1193.15	144.8
1192.47	157.439
1191.79	147.125
1191.11	155.503
1190.44	154.268
1189.76	147.067
1189.08	151.983
1188.4	161.78
1187.72	161.339
1187.04	161.482
1186.36	154.924
1185.68	150.13
1185	155.585
1184.32	138.012
1183.64	154.323
1182.96	165.789
1182.28	152.457
1181.6	158.503
1180.92	164.565
1180.24	144.014
1179.56	153.111
1178.88	157.357
1178.2	152.509
1177.51	137.967
1176.83	139.15
1176.15	152.427
1175.47	169.934
1174.79	139.069
1174.11	175.332
1173.43	165.657
1172.75	167.485
1172.07	167.515
1171.39	151.225
1170.71	171.844
1170.02	179.162
1169.34	163.472
1168.66	184.702
1167.98	191.386
1167.3	203.504
1166.62	210.771
1165.94	210.775
1165.25	247.14
1164.57	204.772
1163.89	309.033
1163.21	282.407
1162.53	322.41
1161.84	310.258
1161.16	333.835
1160.48	352.56
1159.8	353.742
1159.11	367.082
1158.43	338.056
1157.75	338.127
1157.07	281.828
1156.38	297.622
1155.7	301.26
1155.02	264.254
1154.34	236.326
1153.65	213.854
1152.97	213.808
1152.29	204.694
1151.6	202.873
1150.92	192.6
1150.24	180.528
1149.55	207.237
1148.87	177.578
1148.19	175.763
1147.5	149.07
1146.82	174.467
1146.14	159.874
1145.45	165.884
1144.77	148.906
1144.08	164.626
1143.4	154.926
1142.72	148.853
1142.03	170.605
1141.35	153.637
1140.66	148.772
1139.98	146.928
1139.3	152.326
1138.61	134.134
1137.93	158.817
1137.24	152.085
1136.56	156.241
1135.87	161.644
1135.19	138.748
1134.5	151.48
1133.82	148.53
1133.13	161.861
1132.45	147.364
1131.76	144.301
1131.08	147.854
1130.39	154.423
1129.71	151.967
1129.02	168.237
1128.34	148.352
1127.65	151.992
1126.97	147.176
1126.28	147.764
1125.59	154.356
1124.91	159.722
1124.22	142.198
1123.54	151.827
1122.85	156.691
1122.16	160.406
1121.48	149.067
1120.79	159.437
1120.11	153.449
1119.42	168.526
1118.73	155.14
1118.05	145.957
1117.36	147.035
1116.67	163.822
1115.99	155.365
1115.3	155.385
1114.61	151.814
1113.93	161.497
1113.24	154.288
1112.55	163.924
1111.86	150.633
1111.18	155.41
1110.49	156.581
1109.8	156.573
1109.12	145.75
1108.43	167.467
1107.74	151.835
1107.05	153.658
1106.37	177.756
1105.68	168.093
1104.99	172.288
1104.3	162.644
1103.61	159.655
1102.93	154.282
1102.24	165.807
1101.55	185.184
1100.86	156.888
1100.17	171.406
1099.49	216.098
1098.8	169.047
1098.11	168.508
1097.42	169.823
1096.73	190.525
1096.04	159.807
1095.35	182.318
1094.67	174.5
1093.98	186.623
1093.29	201.737
1092.6	203.506
1091.91	192.559
1091.22	224.003
1090.53	232.437
1089.84	230.588
1089.15	244.495
1088.46	262.674
1087.77	299.062
1087.08	319.751
1086.39	352.559
1085.7	417.455
1085.01	497.481
1084.33	550.272
1083.64	651.679
1082.95	719.342
1082.26	750.136
1081.56	727.449
1080.88	665.058
1080.19	601.23
1079.49	520.931
1078.8	461.962
1078.11	393.43
1077.42	377.863
1076.73	368.477
1076.04	312.244
1075.35	266.826
1074.66	269.41
1073.97	268.24
1073.28	257.242
1072.59	254.14
1071.9	260.803
1071.21	255.931
1070.51	251.108
1069.82	242.047
1069.13	259.824
1068.44	252.59
1067.75	278.291
1067.06	262.484
1066.36	261.316
1065.67	270.516
1064.98	267.486
1064.29	271.154
1063.6	252.219
1062.91	222.917
1062.21	197.915
1061.52	230.982
1060.83	192.571
1060.14	198.771
1059.45	176.199
1058.75	189.691
1058.06	188.469
1057.37	179.883
1056.68	166.39
1055.98	174.297
1055.29	164.463
1054.6	174.806
1053.9	174.155
1053.21	148.467
1052.52	163.727
1051.83	177.152
1051.13	155.751
1050.44	157.555
1049.75	156.914
1049.05	161.776
1048.36	148.338
1047.67	155.057
1046.97	155.064
1046.28	147.737
1045.58	159.317
1044.89	158.67
1044.2	154.347
1043.5	154.9
1042.81	168.258
1042.11	151.147
1041.42	159.652
1040.73	166.341
1040.03	147.441
1039.34	158.987
1038.64	145.525
1037.95	147.25
1037.25	152.591
1036.56	139.698
1035.86	145.67
1035.17	149.873
1034.48	152.932
1033.78	139.657
1033.09	153.119
1032.39	139.825
1031.7	172.676
1031	163.497
1030.3	155.477
1029.61	165.645
1028.91	152.162
1028.22	141.156
1027.52	148.965
1026.83	154.364
1026.13	134.948
1025.44	154.248
1024.74	153.567
1024.05	155.3
1023.35	143.75
1022.65	152.142
1021.96	140.615
1021.26	149
1020.57	145.311
1019.87	150.664
1019.17	153.009
1018.48	165.006
1017.78	132.464
1017.08	127.634
1016.39	155.305
1015.69	148.636
1014.99	156.376
1014.3	153.865
1013.6	159.769
1012.9	168.7
1012.21	166.278
1011.51	139.293
1010.81	162.767
1010.11	145.385
1009.42	145.372
1008.72	151.3
1008.02	162.572
1007.32	151.046
1006.63	148.581
1005.93	147.379
1005.23	131.834
1004.53	157.64
1003.83	157.653
1003.14	139.046
1002.44	156.371
1001.74	143.733
1001.04	148.485
1000.34	153.86
999.647	143.688
998.947	148.488
998.249	149.694
997.551	149.106
996.852	143.741
996.154	147.982
995.456	149.248
994.756	143.919
994.057	146.367
993.358	157.188
992.66	145.789
991.961	142.785
991.261	142.793
990.562	164.422
989.863	152.461
989.164	150.096
988.464	171.131
987.764	166.326
987.065	136.892
986.365	151.899
985.666	140.518
984.966	148.995
984.265	165.341
983.566	162.484
982.866	160.824
982.166	160.338
981.467	152.573
980.765	152.006
980.065	158.061
979.365	148.443
978.665	171.448
977.964	146.794
977.264	124.542
976.563	145.213
975.863	160.447
975.161	159.32
974.461	156.358
973.76	141.875
973.058	158.327
972.358	173.599
971.657	163.996
970.956	152.553
970.254	150.814
969.553	159.4
968.852	161.893
968.151	172.299
967.448	149.83
966.747	146.245
966.046	162.798
965.343	165.362
964.642	175.272
963.94	147.909
963.238	155.347
962.536	168.265
961.834	159.125
961.131	164.044
960.429	176.316
959.728	154.934
959.026	162.965
958.322	181.439
957.62	165.594
956.918	176.122
956.215	173.159
955.512	175.731
954.809	182.613
954.106	148.271
953.404	176.042
952.7	174.26
951.997	166.311
951.295	176.244
950.591	170.809
949.888	181.445
949.185	164.316
948.481	191.656
947.778	176.926
947.073	169.567
946.37	164.655
945.667	174.601
944.962	180.238
944.259	187.145
943.556	181.051
942.851	171.839
942.147	182.456
941.442	172.57
940.739	162.675
940.035	185.089
939.33	199.48
938.626	166.661
937.921	161.807
937.217	175.607
936.511	180.66
935.807	188.172
935.103	175.112
934.397	188.873
933.693	189.595
932.987	177.26
932.283	174.927
931.577	172.587
930.872	191.49
930.166	172.176
929.461	189.752
928.757	189.138
928.05	196.662
927.346	196.069
926.639	218.082
925.934	208.817
925.228	207.097
924.522	189.662
923.816	182.216
923.111	203.62
922.404	194.824
921.698	200.483
920.991	196.125
920.286	205.653
919.579	211.454
918.873	216.631
918.166	219.253
917.46	267.195
916.753	593.031
916.047	1063.89
915.339	1130.99
914.633	989.678
913.926	641.362
913.219	389.852
912.512	267.532
911.805	227.261
911.097	197.663
910.391	207.931
909.683	185.197
908.976	204.93
908.268	187.858
907.56	172.047
906.853	171.475
906.145	207.752
905.438	196.375
904.729	214.843
904.022	198.33
903.314	203.425
902.606	188.197
901.898	193.357
901.189	213.212
900.482	203.201
899.773	197.655
899.065	202.295
898.356	191.577
897.648	226.153
896.939	209.572
896.23	207.011
895.522	194.231
894.813	210.232
894.104	221.801
893.395	221.249
892.685	214.287
891.977	217.52
891.267	214.947
890.558	200.198
889.849	216.166
889.139	207.886
888.431	213.752
887.72	210.078
887.01	183.341
886.302	214.276
885.591	195.13
884.881	205.449
884.172	191.336
883.461	196.48
882.752	205.497
882.042	200.412
881.331	203.05
880.622	212.107
879.911	196.705
879.2	190.253
878.49	176.048
877.779	203.566
877.068	191.255
876.359	186.677
875.647	187.279
874.936	197.56
874.226	202.763
873.515	211.201
872.803	197.791
872.092	179.822
871.382	206.734
870.67	202.761
869.958	190.434
869.248	192.884
868.536	181.293
867.824	199.88
867.113	189.689
866.401	212.848
865.689	210.995
864.977	210.377
864.266	198.801
863.554	202.573
862.841	208.244
862.129	228.008
861.417	201.048
860.705	189.497
859.992	221.5
859.279	219.579
858.568	216.365
857.855	203.532
857.142	206.039
856.429	221.961
855.717	213.558
855.004	208.982
854.291	195.459
853.578	235.578
852.866	207.401
852.152	229.044
851.439	220.109
850.725	227.808
850.013	221.496
849.299	229.87
848.585	232.482
847.871	209.513
847.157	226.753
846.445	244.607
845.731	231.161
845.017	231.141
844.302	244.561
843.588	209.477
842.875	244.028
842.161	233.869
841.446	231.362
840.732	226.922
840.017	242.298
839.303	232.123
838.589	230.291
837.875	238.093
837.16	228.632
836.445	239.665
835.73	230.179
835.015	251.457
834.301	232.315
833.586	240.119
832.87	264.626
832.155	273.715
831.44	273.144
830.724	455.102
830.009	1193.2
829.294	1640.96
828.579	1586.16
827.863	1118.42
827.147	715.339
826.431	409.738
825.715	315.202
824.999	290.198
824.283	276.126
823.568	256.88
822.852	291.232
822.136	293.348
821.419	279.336
820.703	309.33
819.986	309.584
819.27	313.706
818.553	347.63
817.836	332.236
817.12	381.726
816.403	357.228
815.687	405.518
814.97	409.031
814.253	469.175
813.536	533.29
812.819	597.458
812.102	673.443
811.384	769.839
810.667	890.734
809.949	1006.88
809.232	1068.46
808.514	1108.51
807.797	1132.66
807.079	1051.41
806.361	876.495
805.643	827.529
804.925	711.494
804.207	665.186
803.489	591.261
802.771	542.971
802.053	468.891
801.334	456.726
800.617	476.245
799.899	428.383
799.18	416.853
798.462	415.911
797.743	438.156
797.024	427.885
796.306	443.41
795.587	446.24
794.868	408.471
794.149	411.16
793.43	387.268
792.711	373.363
791.99	338.229
791.271	315.068
790.552	309.85
789.832	274.021
789.113	299.363
788.393	283.465
787.674	255.609
786.954	248.426
786.234	253.285
785.514	248.854
784.794	251.77
784.075	235.946
783.354	242.116
782.634	234.196
781.914	215.525
781.194	232.294
780.474	208.865
779.753	223.562
779.033	214.805
778.312	248.854
777.592	207.98
776.87	220.624
776.149	217.23
775.428	207.826
774.707	204.436
773.987	230.433
773.266	201.666
772.544	221.664
771.823	193.611
771.102	194.952
770.381	208.317
769.66	197.643
768.937	216.344
768.215	201.662
767.494	207.021
766.772	191.677
766.051	192.341
765.329	188.951
764.607	185.5
763.885	179.331
763.163	189.132
762.44	202.922
761.718	193.476
760.995	212.017
760.273	204.013
759.551	196.014
758.828	195.953
758.106	203.144
757.382	192.373
756.66	194.874
755.937	198.072
755.214	217.896
754.491	202.694
753.769	196.815
753.044	204.863
752.321	200.279
751.598	198.941
750.875	195.541
750.152	201.366
749.427	204.519
748.704	201.736
747.98	197.01
747.257	205.533
746.533	204.142
745.81	191.502
745.085	205.239
744.361	196.513
743.637	202.296
742.913	192.288
