1813.81	184.19
1813.2	170.834
1812.58	188.374
1811.96	176.855
1811.34	184.143
1810.72	184.81
1810.1	178.246
1809.48	163.826
1808.86	187.061
1808.24	189.063
1807.63	174.001
1807.01	169.215
1806.39	172.282
1805.77	186.268
1805.15	195.99
1804.53	203.318
1803.91	176.613
1803.29	196.25
1802.67	173.25
1802.05	184.396
1801.43	173.532
1800.81	187.688
1800.19	182.261
1799.57	183.556
1798.95	188.533
1798.33	187.403
1797.71	181.379
1797.09	167.995
1796.47	188.337
1795.85	180.468
1795.23	205.144
1794.61	184.98
1793.99	177.076
1793.37	177.136
1792.75	185.165
1792.13	179.644
1791.51	195.046
1790.89	185.869
1790.27	167.495
1789.65	213.85
1789.02	176.425
1788.4	194.499
1787.78	192.186
1787.16	171.897
1786.54	185.576
1785.92	185.628
1785.3	175.15
1784.68	170.858
1784.05	188.241
1783.43	178.384
1782.81	182.782
1782.19	195.882
1781.57	167.475
1780.95	189.347
1780.33	175.248
1779.7	190.363
1779.08	190.527
1778.46	175.667
1777.84	185.633
1777.22	176.211
1776.59	179.201
1775.97	185.301
1775.35	182.747
1774.73	175.925
1774.1	160.474
1773.48	188.013
1772.86	173.88
1772.24	172.186
1771.61	177.321
1770.99	191.157
1770.37	173.085
1769.75	184.344
1769.12	164.971
1768.5	167.476
1767.88	181.247
1767.25	185.039
1766.63	170.078
1766.01	190.749
1765.39	193.261
1764.76	168.854
1764.14	173.829
1763.52	185.055
1762.89	161.289
1762.27	170.053
1761.65	185.712
1761.02	176.357
1760.4	160.727
1759.77	190.093
1759.15	188.786
1758.53	181.221
1757.9	184.917
1757.28	169.895
1756.66	179.251
1756.03	181.728
1755.41	170.438
1754.78	177.212
1754.16	190.802
1753.53	178.2
1752.91	173.121
1752.29	168.103
1751.66	168.746
1751.04	160.706
1750.41	149.553
1749.79	188.869
1749.16	164.583
1748.54	179.54
1747.91	173.899
1747.29	166.996
1746.66	181.882
1746.04	178.062
1745.41	191.037
1744.79	177.255
1744.16	185.878
1743.54	171.522
1742.91	183.286
1742.29	191.945
1741.66	181.951
1741.04	169.442
1740.41	163.729
1739.78	177.204
1739.16	174.557
1738.53	179.98
1737.91	163.808
1737.28	175.503
1736.65	169.312
1736.03	160.66
1735.4	179.185
1734.78	164.315
1734.15	185.236
1733.52	162.913
1732.9	175.148
1732.27	178.756
1731.64	176.23
1731.02	176.821
1730.39	175.588
1729.77	189.141
1729.14	173.097
1728.51	168.718
1727.89	173.53
1727.26	180.145
1726.63	168.311
1726	172.47
1725.38	176.656
1724.75	158.188
1724.12	161.825
1723.5	178.957
1722.87	167.891
1722.24	172.125
1721.61	173.265
1720.99	172.539
1720.36	173.623
1719.73	178.968
1719.1	183.088
1718.48	174.417
1717.85	175.548
1717.22	177.946
1716.59	163.327
1715.97	176.775
1715.34	192.065
1714.71	154.892
1714.08	168.9
1713.45	163.963
1712.82	185.2
1712.2	165.009
1711.57	154.592
1710.94	178.889
1710.31	178.855
1709.68	184.289
1709.05	164.156
1708.43	170.75
1707.8	157.884
1707.17	174.772
1706.54	185.598
1705.91	147.944
1705.28	160.653
1704.65	185.499
1704.02	162.458
1703.39	168.504
1702.76	172.718
1702.14	184.797
1701.51	165.972
1700.88	175.619
1700.25	162.255
1699.62	160.394
1698.99	167.606
1698.36	172.39
1697.73	160.843
1697.1	162.001
1696.47	158.935
1695.84	178.231
1695.21	178.797
1694.58	163.057
1693.95	166.643
1693.32	168.417
1692.69	163.558
1692.06	170.181
1691.43	168.981
1690.8	169.01
1690.17	162.413
1689.54	181.787
1688.91	163.105
1688.28	158.903
1687.64	176.444
1687.01	177.068
1686.38	186.166
1685.75	180.171
1685.12	162.09
1684.49	177.882
1683.86	158.576
1683.23	179.202
1682.6	174.388
1681.97	184.699
1681.34	155.032
1680.7	157.456
1680.07	171.387
1679.44	162.912
1678.81	181.087
1678.18	181.701
1677.55	170.81
1676.92	175.673
1676.28	180.545
1675.65	178.762
1675.02	172.135
1674.39	163.081
1673.76	178.881
1673.12	186.194
1672.49	185.017
1671.86	163.823
1671.23	181.468
1670.59	180.31
1669.96	175.508
1669.33	179.813
1668.7	175.612
1668.06	173.843
1667.43	163.568
1666.8	171.547
1666.17	163.72
1665.53	179.029
1664.9	157.186
1664.27	174.929
1663.63	171.94
1663	171.984
1662.37	171.41
1661.74	169.002
1661.1	159.877
1660.47	175.77
1659.84	180.674
1659.2	187.407
1658.57	181.327
1657.94	164.88
1657.3	171.051
1656.67	169.305
1656.03	169.4
1655.4	178.661
1654.77	181.163
1654.13	176.279
1653.5	169.527
1652.86	184.793
1652.23	167.637
1651.6	163.965
1650.96	169.499
1650.33	172.614
1649.69	157.996
1649.06	167.893
1648.43	171.077
1647.79	162.008
1647.16	167.668
1646.52	181.315
1645.89	168.502
1645.25	166.087
1644.62	164.845
1643.98	184.461
1643.35	167.156
1642.71	178.748
1642.08	168.271
1641.44	167.084
1640.81	164.089
1640.17	175.844
1639.54	182.033
1638.9	186.316
1638.27	186.234
1637.63	200.242
1636.99	184.761
1636.36	198.772
1635.72	175.406
1635.09	182.148
1634.45	180.346
1633.82	164.454
1633.18	183.545
1632.54	167.017
1631.91	176.862
1631.27	192.814
1630.64	158.391
1630	158.348
1629.36	164.449
1628.73	166.888
1628.09	181.005
1627.45	184.705
1626.82	170.603
1626.18	189.008
1625.54	181.618
1624.91	170.534
1624.27	168.037
1623.63	171.06
1623	177.757
1622.36	175.251
1621.72	167.832
1621.09	173.877
1620.45	184.809
1619.81	189.012
1619.17	184.664
1618.54	177.268
1617.9	192.478
1617.26	166.126
1616.63	159.934
1615.99	168.396
1615.35	191.514
1614.71	181.733
1614.07	176.259
1613.44	184.218
1612.8	186.68
1612.16	183.018
1611.52	179.946
1610.88	184.191
1610.25	166.497
1609.61	168.343
1608.97	179.352
1608.33	181.815
1607.69	176.924
1607.05	168.333
1606.42	190.192
1605.78	160.833
1605.14	168.044
1604.5	167.964
1603.86	158.173
1603.22	183.066
1602.58	166.597
1601.94	169.571
1601.31	168.878
1600.67	176.673
1600.03	169.899
1599.39	150.408
1598.75	169.744
1598.11	185.434
1597.47	180.508
1596.83	164.68
1596.19	178.52
1595.55	165.146
1594.91	183.263
1594.27	177.223
1593.63	179.677
1592.99	177.899
1592.35	182.154
1591.71	171.251
1591.07	185.735
1590.43	185.068
1589.79	195.87
1589.15	197.581
1588.51	195.649
1587.87	193.105
1587.23	194.187
1586.59	222.419
1585.95	229.59
1585.31	316.96
1584.67	1949.09
1584.03	3571.78
1583.39	5824.45
1582.75	5739.16
1582.11	3937.72
1581.47	2020.03
1580.82	810.001
1580.18	344.052
1579.54	257.831
1578.9	216.814
1578.26	207.118
1577.62	196.817
1576.98	175.69
1576.34	188.867
1575.69	193.028
1575.05	173.15
1574.41	189.349
1573.77	174.29
1573.13	170.653
1572.49	168.225
1571.84	179.03
1571.2	162.223
1570.56	172.477
1569.92	168.323
1569.28	171.986
1568.63	157.591
1567.99	176.854
1567.35	206.914
1566.71	295.868
1566.06	312.012
1565.42	283.68
1564.78	224.748
1564.14	206.129
1563.49	173.721
1562.85	172.589
1562.21	174.469
1561.57	160.084
1560.92	167.928
1560.28	149.249
1559.64	168.448
1558.99	174.383
1558.35	170.693
1557.71	172.424
1557.06	156.148
1556.42	171.712
1555.78	148.861
1555.13	151.239
1554.49	171.047
1553.85	162.685
1553.2	161.563
1552.56	169.48
1551.91	152.153
1551.27	156.451
1550.63	167.345
1549.98	157.739
1549.34	165.562
1548.69	161.321
1548.05	157.063
1547.41	149.783
1546.76	146.706
1546.12	156.244
1545.47	158.567
1544.83	156.09
1544.18	159.024
1543.54	155.962
1542.9	147.508
1542.25	158.845
1541.61	164.192
1540.96	167.754
1540.32	150.367
1539.67	152.159
1539.03	156.943
1538.38	159.317
1537.74	164.07
1537.09	161.025
1536.45	153.191
1535.8	150.748
1535.15	153.096
1534.51	161.425
1533.86	144.644
1533.22	156.549
1532.57	160.674
1531.93	157.628
1531.28	168.314
1530.63	153.94
1529.99	159.266
1529.34	150.873
1528.7	156.187
1528.05	156.712
1527.4	157.814
1526.76	161.882
1526.11	153.463
1525.46	159.343
1524.82	171.188
1524.17	163.429
1523.53	153.289
1522.88	153.229
1522.23	161.448
1521.59	151.249
1520.94	150.546
1520.29	164.081
1519.65	136.193
1519	164.605
1518.35	145.68
1517.7	158.749
1517.06	145.155
1516.41	157.598
1515.76	164.664
1515.12	158.063
1514.47	150.257
1513.82	174.961
1513.17	151.199
1512.52	154.63
1511.88	173.399
1511.23	152.658
1510.58	153.15
1509.93	150.7
1509.29	163.553
1508.64	162.869
1507.99	176.288
1507.34	158.559
1506.69	176.057
1506.04	150.719
1505.4	152.385
1504.75	161.102
1504.1	162.815
1503.45	147.573
1502.8	148.741
1502.15	152.836
1501.5	166.87
1500.86	154.536
1500.21	147.455
1499.56	131.589
1498.91	174.177
1498.26	153.616
1497.61	153.512
1496.96	145.837
1496.31	155.107
1495.66	165.57
1495.01	153.905
1494.36	164.395
1493.72	152.125
1493.07	147.98
1492.42	165.926
1491.77	151.252
1491.12	159.285
1490.47	161.533
1489.82	159.17
1489.17	151.6
1488.52	141.708
1487.87	152.129
1487.22	155.567
1486.57	157.844
1485.92	154.912
1485.27	157.801
1484.62	150.255
1483.97	163.582
1483.32	156.579
1482.66	148.976
1482.01	159.91
1481.36	148.84
1480.71	157.496
1480.06	148.817
1479.41	159.855
1478.76	143.672
1478.11	148.902
1477.46	156.99
1476.81	167.923
1476.16	152.766
1475.5	168.834
1474.85	159.46
1474.2	156.475
1473.55	130.443
1472.9	156.398
1472.25	165.645
1471.6	161.054
1470.94	159.919
1470.29	155.302
1469.64	154.13
1468.99	153.526
1468.34	148.312
1467.68	144.266
1467.03	143.119
1466.38	153.517
1465.73	160.443
1465.08	148.304
1464.42	151.728
1463.77	156.297
1463.12	159.144
1462.47	144.146
1461.81	139.563
1461.16	150.589
1460.51	163.385
1459.86	170.436
1459.2	155.523
1458.55	159.092
1457.9	155.704
1457.24	158.091
1456.59	158.734
1455.94	159.946
1455.28	158.822
1454.63	149.555
1453.98	159.961
1453.32	170.328
1452.67	148.239
1452.02	149.323
1451.36	156.213
1450.71	159.665
1450.06	163.158
1449.4	157.431
1448.75	146.514
1448.1	156.46
1447.44	149.602
1446.79	158.968
1446.13	161.932
1445.48	170.094
1444.82	161.979
1444.17	155.601
1443.52	157.368
1442.86	166.137
1442.21	163.906
1441.55	168.088
1440.9	158.302
1440.24	168.854
1439.59	153.162
1438.93	154.895
1438.28	168.244
1437.62	156.556
1436.97	160.607
1436.31	165.275
1435.66	153.092
1435	170.614
1434.35	170.678
1433.69	164.328
1433.04	159.712
1432.38	164.407
1431.73	151.008
1431.07	168.49
1430.42	167.296
1429.76	167.844
1429.1	167.238
1428.45	159.083
1427.79	181.264
1427.14	162.088
1426.48	163.322
1425.82	165.717
1425.17	165.762
1424.51	172.215
1423.86	168.737
1423.2	168.767
1422.54	185.16
1421.89	158.335
1421.23	161.89
1420.57	180.067
1419.92	164.926
1419.26	162.069
1418.6	159.222
1417.95	156.971
1417.29	164.104
1416.63	171.252
1415.97	177.819
1415.32	165.003
1414.66	168.014
1414	169.234
1413.35	169.835
1412.69	168.055
1412.03	187.994
1411.37	178.548
1410.72	231.353
1410.06	301.767
1409.4	347.533
1408.74	266.514
1408.09	221.899
1407.43	207.811
1406.77	184.332
1406.11	194.911
1405.45	173.803
1404.79	171.5
1404.14	186.833
1403.48	168.086
1402.82	170.474
1402.16	163.431
1401.5	166.947
1400.84	175.159
1400.19	183.385
1399.53	164.6
1398.87	172.297
1398.21	164.719
1397.55	188.324
1396.89	174.835
1396.23	168.964
1395.57	174.839
1394.91	177.752
1394.25	185.367
1393.6	184.751
1392.94	200.038
1392.28	187.69
1391.62	218.893
1390.96	225.384
1390.3	291.891
1389.64	547.285
1388.98	1413.46
1388.32	2848.56
1387.66	2213.62
1387	922.63
1386.34	457.183
1385.68	318.883
1385.02	220.008
1384.36	212.907
1383.7	206.983
1383.04	193.424
1382.38	219.27
1381.72	215.741
1381.06	188.72
1380.4	182.289
1379.74	195.272
1379.08	177.664
1378.42	185.926
1377.75	180.055
1377.09	181.827
1376.43	201.849
1375.77	188.925
1375.11	197.191
1374.45	236.644
1373.79	278.429
1373.13	695.723
1372.47	1568.64
1371.8	1689.78
1371.14	1430.42
1370.48	863.822
1369.82	525.829
1369.16	275.183
1368.5	194.906
1367.83	177.133
1367.17	178.79
1366.51	180.425
1365.85	189.737
1365.19	189.075
1364.52	159.61
1363.86	177.308
1363.2	166.759
1362.54	149.137
1361.87	173.954
1361.21	176.945
1360.55	168.712
1359.89	166.957
1359.23	149.863
1358.56	167.001
1357.9	177.665
1357.24	174.175
1356.57	165.369
1355.91	158.915
1355.25	168.995
1354.58	156.026
1353.92	151.328
1353.26	163.19
1352.6	165.603
1351.93	169.208
1351.27	154.468
1350.6	159.841
1349.94	167.571
1349.28	156.338
1348.61	175.886
1347.95	165.817
1347.29	152.791
1346.62	162.871
1345.96	152.826
1345.29	173.594
1344.63	161.188
1343.97	160.032
1343.3	171.908
1342.64	151.768
1341.97	167.791
1341.31	171.379
1340.64	162.532
1339.98	160.231
1339.32	146.071
1338.65	150.915
1337.99	148.622
1337.32	164.739
1336.66	162.986
1335.99	155.847
1335.33	168.919
1334.66	154.636
1334	162.38
1333.33	152.299
1332.67	160.664
1332	163.06
1331.34	135.676
1330.67	156.483
1330	168.976
1329.34	161.871
1328.67	161.945
1328.01	157.876
1327.34	160.958
1326.68	141.956
1326.01	161.097
1325.34	150.377
1324.68	151.568
1324.01	157.52
1323.35	161.083
1322.68	156.894
1322.01	158.082
1321.35	159.877
1320.68	149.161
1320.02	159.949
1319.35	173.163
1318.68	160.131
1318.02	152.471
1317.35	163.931
1316.68	170.57
1316.01	167.574
1315.35	174.699
1314.68	162.66
1314.01	147.661
1313.35	182.928
1312.68	152.492
1312.01	160.363
1311.34	159.274
1310.68	156.961
1310.01	172.58
1309.34	155.79
1308.67	161.728
1308.01	171.23
1307.34	161.571
1306.67	162.708
1306	174.051
1305.33	168.703
1304.67	175.98
1304	161.149
1303.33	147.505
1302.66	157.218
1301.99	172.291
1301.33	172.889
1300.66	170.426
1299.99	172.739
1299.32	163.672
1298.65	155.848
1297.98	160.657
1297.31	153.507
1296.65	155.96
1295.98	162.005
1295.31	166.231
1294.64	166.84
1293.97	177.048
1293.3	169.866
1292.63	175.313
1291.96	175.981
1291.29	189.278
1290.62	195.97
1289.96	194.833
1289.29	188.27
1288.62	210.582
1287.95	214.864
1287.28	252.881
1286.61	416.215
1285.94	935.708
1285.27	1650.48
1284.6	1437.64
1283.93	810.202
1283.26	448.637
1282.59	297.413
1281.92	225.745
1281.25	195.66
1280.58	198.11
1279.9	197.561
1279.23	181.339
1278.56	168.7
1277.89	187.968
1277.22	180.715
1276.55	166.252
1275.88	181.346
1275.21	188.655
1274.54	164.63
1273.87	174.945
1273.2	189.425
1272.53	151.964
1271.85	180.194
1271.18	180.693
1270.51	171.013
1269.84	171.045
1269.17	162.699
1268.5	173.658
1267.83	176.162
1267.15	183.449
1266.48	192.5
1265.81	214.188
1265.14	278.683
1264.47	236.412
1263.8	198.991
1263.12	197.768
1262.45	194.143
1261.78	171.235
1261.11	191.753
1260.43	164.644
1259.76	183.982
1259.09	188.251
1258.42	182.262
1257.74	170.228
1257.07	161.799
1256.4	167.843
1255.72	180.511
1255.05	155.738
1254.38	167.183
1253.71	170.185
1253.03	184.668
1252.36	153.303
1251.69	170.238
1251.01	179.344
1250.34	166.112
1249.67	174.013
1248.99	169.818
1248.32	184.945
1247.65	148.686
1246.97	171.055
1246.3	169.258
1245.62	180.776
1244.95	169.928
1244.28	171.764
1243.6	170.546
1242.93	174.126
1242.25	171.626
1241.58	171.531
1240.91	170.242
1240.23	167.179
1239.56	191.927
1238.88	184.13
1238.21	172.728
1237.53	180.042
1236.86	196.391
1236.18	198.797
1235.51	182.434
1234.83	207.737
1234.16	230.026
1233.48	199.23
1232.81	217.388
1232.13	202.371
1231.46	200.04
1230.78	218.848
1230.11	221.303
1229.43	229.165
1228.76	200.73
1228.08	214.018
1227.41	198.302
1226.73	209.199
1226.05	191.067
1225.38	191.645
1224.7	180.095
1224.03	183.635
1223.35	166.648
1222.67	166.601
1222	175.033
1221.32	161.757
1220.65	164.179
1219.97	166.598
1219.29	143.664
1218.62	164.196
1217.94	167.841
1217.26	170.286
1216.59	152.191
1215.91	163.665
1215.23	156.39
1214.56	156.347
1213.88	150.875
1213.2	152.668
1212.53	165.346
1211.85	164.762
1211.17	130.374
1210.49	155.727
1209.82	140.028
1209.14	149.079
1208.46	151.505
1207.78	144.887
1207.11	146.109
1206.43	152.133
1205.75	160.528
1205.07	147.169
1204.39	156.125
1203.72	148.235
1203.04	139.803
1202.36	145.895
1201.68	144.794
1201	161.81
1200.33	151.019
1199.65	148.614
1198.97	144.936
1198.29	138.802
1197.61	149.552
1196.93	151.878
1196.26	147.627
1195.58	156.688
1194.9	158.557
1194.22	148.372
1193.54	143.585
1192.86	152.028
1192.18	146.556
1191.5	154.334
1190.82	159.105
1190.14	145.844
1189.46	150.119
1188.79	138.768
1188.1	153.395
1187.43	155.355
1186.75	150.635
1186.07	139.209
1185.39	141.658
1184.71	147.707
1184.03	147.078
1183.35	148.259
1182.67	153.073
1181.99	155.48
1181.31	158.508
1180.63	157.919
1179.95	155.52
1179.27	145.247
1178.59	155.539
1177.9	148.87
1177.22	134.325
1176.54	165.755
1175.86	171.163
1175.18	158.433
1174.5	152.366
1173.82	168.076
1173.14	163.849
1172.46	156.009
1171.78	166.323
1171.1	153.059
1170.41	169.447
1169.73	169.499
1169.05	161.671
1168.37	181.684
1167.69	183.515
1167.01	183.517
1166.32	207.744
1165.64	210.784
1164.96	244.129
1164.28	252.048
1163.6	257.542
1162.92	302.409
1162.23	318.155
1161.55	328.414
1160.87	327.146
1160.19	352.545
1159.5	358.591
1158.82	348.324
1158.14	334.451
1157.46	316.947
1156.77	295.18
1156.09	290.957
1155.41	256.393
1154.73	245.444
1154.04	243.572
1153.36	208.382
1152.68	216.821
1151.99	201.056
1151.31	202.881
1150.63	186.561
1149.94	184.184
1149.26	166.047
1148.58	179.4
1147.89	156.359
1147.21	169.651
1146.53	146.579
1145.84	165.909
1145.16	168.292
1144.47	154.952
1143.79	150.094
1143.11	156.732
1142.42	166.388
1141.74	173.011
1141.06	156.045
1140.37	157.831
1139.69	150.539
1139	151.695
1138.32	137.727
1137.63	144.287
1136.95	158.087
1136.26	155.622
1135.58	158.636
1134.89	156.872
1134.21	153.322
1133.52	157.612
1132.84	147.37
1132.15	141.309
1131.47	137.028
1130.78	137.566
1130.1	148.972
1129.41	143.517
1128.73	142.312
1128.04	127.253
1127.36	135.713
1126.67	149.586
1125.99	151.367
1125.3	149.508
1124.61	138.002
1123.93	133.752
1123.24	116.891
1122.56	131.41
1121.87	141.761
1121.18	153.343
1120.5	149.805
1119.81	143.783
1119.13	152.183
1118.44	147.841
1117.75	154.341
1117.07	165.676
1116.38	157.182
1115.69	158.984
1115.01	145.765
1114.32	140.987
1113.63	153.072
1112.94	161.519
1112.26	157.281
1111.57	148.205
1110.88	144.553
1110.2	149.35
1109.51	151.761
1108.82	162.627
1108.13	151.818
1107.45	153.047
1106.76	159.683
1106.07	142.8
1105.38	163.264
1104.7	163.249
1104.01	145.785
1103.32	163.894
1102.63	160.339
1101.94	168.251
1101.26	159.271
1100.57	177.421
1099.88	206.424
1099.19	166.614
1098.5	163.64
1097.81	173.991
1097.13	142.677
1096.44	174.255
1095.75	186.492
1095.06	169.016
1094.37	191.468
1093.68	196.304
1092.99	186.572
1092.3	222.26
1091.61	191.938
1090.92	221.564
1090.24	222.739
1089.55	220.294
1088.86	246.925
1088.17	265.123
1087.48	304.554
1086.79	322.216
1086.1	376.215
1085.41	422.32
1084.72	516.899
1084.03	570.95
1083.34	667.587
1082.65	740.164
1081.96	709.637
1081.27	701.415
1080.58	659.57
1079.89	552.583
1079.2	482.642
1078.51	410.992
1077.82	395.952
1077.13	364.031
1076.44	318.757
1075.75	312.974
1075.05	290.048
1074.36	290.16
1073.67	257.867
1072.98	255.999
1072.29	268.137
1071.6	244.958
1070.91	236.451
1070.22	242
1069.53	229.89
1068.84	234.242
1068.14	262.383
1067.45	247.802
1066.76	257.624
1066.07	257.671
1065.38	259.535
1064.69	262.603
1063.99	232.067
1063.3	206.419
1062.61	238.202
1061.92	213.827
1061.22	207.801
1060.53	187.717
1059.84	196.966
1059.15	184.78
1058.46	182.351
1057.76	182.343
1057.07	172.528
1056.38	167.595
1055.69	159.599
1054.99	161.386
1054.3	150.342
1053.61	175.975
1052.91	162.513
1052.22	159.445
1051.53	168.591
1050.84	153.907
1050.14	146.55
1049.45	155.682
1048.75	161.16
1048.06	167.263
1047.37	163.607
1046.67	148.349
1045.98	139.185
1045.29	153.81
1044.59	154.988
1043.9	143.953
1043.2	151.827
1042.51	157.264
1041.82	157.228
1041.12	148.068
1040.43	154.761
1039.73	157.79
1039.04	155.919
1038.35	143.66
1037.65	147.196
1036.96	153.137
1036.26	149.972
1035.57	143.214
1034.87	155.336
1034.18	149.321
1033.48	133.017
1032.79	143.436
1032.09	144.707
1031.4	148.95
1030.7	142.183
1030.01	154.807
1029.31	145.563
1028.62	123.63
1027.92	137.491
1027.22	138.65
1026.53	144.66
1025.83	143.397
1025.14	141.516
1024.44	141.443
1023.75	146.205
1023.05	154.593
1022.35	149.702
1021.66	147.831
1020.96	141.13
1020.27	138.649
1019.57	134.968
1018.87	137.927
1018.18	151.743
1017.48	124.029
1016.78	152.311
1016.09	148.067
1015.39	141.388
1014.69	145.51
1014	143.603
1013.3	136.91
1012.6	142.267
1011.91	140.471
1011.21	136.912
1010.51	149.577
1009.81	142.988
1009.12	157.364
1008.42	142.848
1007.72	140.32
1007.02	133.031
1006.33	140.186
1005.63	145.595
1004.93	143.836
1004.23	148.66
1003.54	125.877
1002.84	130.637
1002.14	147.357
1001.44	143.714
1000.74	140.095
1000.05	141.888
999.347	160.457
998.648	148.492
997.95	160.475
997.251	158.695
996.553	147.951
995.854	134.227
995.156	142.085
994.456	131.949
993.757	145.181
993.059	145.191
992.36	144.586
991.661	145.785
990.961	168.602
990.262	147.036
989.563	154.88
988.864	144.704
988.164	160.926
987.464	147.106
986.764	153.698
986.065	147.1
985.366	145.944
984.666	137.018
983.965	147.961
983.266	150.51
982.566	153.651
981.866	152.54
981.165	142.943
980.465	142.967
979.765	149.021
979.065	155.705
978.364	148.544
977.663	147.447
976.963	156.64
976.263	156.759
975.561	161.699
974.861	156.321
974.16	159.416
973.46	146.754
972.758	149.264
972.057	149.362
971.356	147.032
970.655	144.69
969.953	155.713
969.252	162.47
968.551	154.613
967.849	158.32
967.148	162.04
966.446	151.155
965.745	156.137
965.042	163.589
964.341	152.732
963.639	165.077
962.936	166.396
962.235	169.513
961.533	150.567
960.83	164.052
960.128	163.474
959.426	176.394
958.723	160.548
958.021	179.029
957.319	176.063
956.615	168.187
955.913	162.151
955.211	173.323
954.507	140.227
953.805	172.307
953.102	171.765
952.398	149.65
951.696	170.649
950.993	165.189
950.289	178.883
949.586	159.29
948.882	185.391
948.179	166.36
947.476	162.113
946.771	151.02
946.068	167.766
945.365	180.815
944.66	178.414
943.957	157.437
943.252	192.258
942.549	178.698
941.845	176.893
941.14	169.482
940.437	181.322
939.732	183.26
939.028	172.806
938.322	189.109
937.619	167.457
936.914	171.907
936.209	161.989
935.505	184.445
934.799	170.765
934.095	172.073
933.389	165.945
932.685	200.43
931.98	169.997
931.274	175.15
930.57	188.409
929.864	191.612
929.159	184.125
928.453	191.02
927.748	175.376
927.042	184.192
926.337	173.004
925.63	208.884
924.925	183.309
924.22	183.427
923.513	196.063
922.808	200.483
922.101	202.365
921.396	202.38
920.689	202.446
919.983	202.562
919.276	214.662
918.57	197.153
917.863	220.54
917.157	315.731
916.45	821.191
915.744	1226.61
915.036	1162.12
914.33	840.447
913.623	510.889
912.915	298.357
912.209	242.962
911.501	204.543
910.794	211.661
910.086	201.001
909.38	192.204
908.672	187.825
907.965	195.5
907.257	187.948
906.55	191.193
905.841	195.072
905.134	191.307
904.426	179.254
903.717	180.535
903.01	197.079
902.302	186.954
901.594	184.501
900.885	209.467
900.178	191.812
899.469	188.8
898.76	211.932
898.052	218.439
897.343	203.808
896.635	200.626
895.926	205.73
895.217	205.101
894.509	182.776
893.799	218.003
893.091	213.61
892.381	201.513
891.672	211.12
890.963	211.092
890.254	190.59
889.545	195.706
888.835	209.842
888.125	204.858
887.416	212.082
886.706	202.646
885.996	177.754
885.287	203.501
884.577	200.32
883.866	186.201
883.157	212.541
882.447	191.388
881.736	194.659
881.027	183.799
880.316	197.341
879.606	205.059
878.896	188.944
878.185	186.288
877.475	191.958
876.764	195.061
876.053	190.499
875.341	175.733
874.632	179.622
873.92	180.983
873.209	188.769
872.499	194.597
871.787	175.957
871.075	184.864
870.365	168.06
869.653	191.018
868.941	190.924
868.231	188.333
867.519	180.679
866.807	203.824
866.095	202.626
865.384	187.285
864.672	218.07
863.959	176.974
863.247	201.251
862.536	188.342
861.823	197.234
861.111	213.195
860.4	217.019
859.687	222.141
858.974	210.615
858.261	216.356
857.55	213.753
856.837	214.97
856.124	207.216
855.41	223.106
854.697	210.853
853.985	221.596
853.272	219.572
852.559	216.941
851.845	204.788
851.133	205.443
850.419	225.282
849.706	224.721
848.992	227.347
848.278	225.476
847.566	231.235
846.852	209.499
846.138	220.961
845.424	224.762
844.709	232.415
843.997	199.233
843.282	214.608
842.568	219.78
841.854	228.143
841.139	217.318
840.426	217.346
839.711	226.332
838.997	211.047
838.282	242.493
837.567	233.671
836.852	241.506
836.138	228.188
835.423	226.381
834.708	239.316
833.993	238.777
833.278	250.438
832.563	256.962
831.847	278.893
831.133	289.237
830.418	674.336
829.702	1522.45
828.986	1763.32
828.271	1511.17
827.555	980.931
826.839	551.29
826.124	341.531
825.408	294.638
824.692	256.711
823.976	267.141
823.26	267.905
822.544	264.82
821.827	272.104
821.111	282.017
820.395	299.729
819.678	279.238
818.963	315.094
818.246	324.359
817.529	369.947
816.813	344.791
816.096	376.798
815.379	393.925
814.662	446.877
813.945	500.553
813.227	543.851
812.51	628.893
811.793	695.16
811.076	825.605
810.358	935.594
809.641	1033.61
808.924	1085.44
808.207	1158.24
807.489	1084.48
806.771	995.827
806.053	877.302
805.336	744.183
804.618	667.588
803.9	600.224
803.181	546.012
802.463	494.381
801.745	461.136
801.027	433.113
800.308	437.429
799.59	448.384
798.871	407.75
798.153	400.171
797.434	413.774
796.715	429.33
795.996	422.248
795.278	431.011
794.559	404.503
793.84	365.336
793.12	367.357
792.401	336.19
791.682	318.334
790.963	307.134
790.243	286.613
789.524	274.713
788.805	264.131
788.085	239.583
787.365	247.678
786.646	257.167
785.926	224.046
785.206	213.584
784.486	247.856
783.765	228.659
783.045	232.132
782.325	235.567
781.604	212.864
780.884	222.255
780.164	218.895
779.443	206.138
778.723	222.136
778.002	226.077
777.282	200.599
776.561	201.883
775.84	199.164
775.12	223.841
774.399	215.102
773.676	205.031
772.955	196.31
772.234	202.964
771.513	192.278
770.792	200.298
770.071	203.647
769.349	202.987
768.628	186.967
767.906	188.313
767.185	204.357
766.462	185.665
765.74	194.99
765.018	190.904
764.296	199.434
763.574	187.246
762.852	166.42
762.13	192.22
761.408	201.423
760.685	194.725
759.962	194.035
759.24	189.345
758.518	185.944
757.795	188.476
757.073	193.634
756.349	171.63
755.626	184.803
754.903	180.818
754.18	184.18
753.458	178.96
752.735	179.694
752.01	197.625
751.287	168.407
750.564	184.218
749.841	190.703
749.117	164.096
748.394	185.822
747.669	171.862
746.946	175.769
746.222	190.232
745.498	180.888
744.775	181.424
744.05	194.47
743.326	177.205
